Evaluation metrics:
accuracy: 0.8991935483870968
precision: 0.9090909090909091
recall: 0.8870967741935484
f1_score: 0.8979591836734694
roc_auc: 0.9545070239334027
threshold_used: 0.5899999999999997
